  0.76845D+00  0.00000D+00  0.00000D+00  0.00000D+00  0.00000D+00  0.00000D+00
  0.00000D+00  0.00000D+00  0.98789D+00  0.00000D+00  0.00000D+00  0.00000D+00
  0.00000D+00  0.00000D+00  0.00000D+00  0.00000D+00  0.00000D+00  0.91044D+00
  0.00000D+00  0.00000D+00  0.00000D+00  0.00000D+00  0.00000D+00  0.00000D+00
  0.00000D+00  0.69350D+00  0.00000D+00  0.00000D+00  0.00000D+00  0.00000D+00
  0.00000D+00  0.00000D+00  0.00000D+00  0.86033D+00  0.00000D+00  0.00000D+00
  0.00000D+00  0.00000D+00  0.00000D+00  0.00000D+00  0.00000D+00  0.00000D+00
  0.80084D+00  0.00000D+00  0.00000D+00  0.00000D+00  0.00000D+00  0.00000D+00
  0.00000D+00  0.00000D+00  0.82977D+00  0.00000D+00  0.00000D+00  0.00000D+00
  0.00000D+00  0.00000D+00  0.00000D+00  0.00000D+00  0.50787D+00  0.00000D+00
  0.00000D+00  0.00000D+00  0.00000D+00  0.00000D+00  0.00000D+00  0.00000D+00
  0.00000D+00  0.31743D+01  0.00000D+00  0.00000D+00  0.00000D+00  0.00000D+00
  0.00000D+00  0.00000D+00  0.00000D+00  0.17931D+00  0.00000D+00  0.00000D+00
  0.00000D+00  0.00000D+00  0.00000D+00  0.00000D+00  0.00000D+00  0.00000D+00
  0.13521D-03  0.00000D+00  0.00000D+00  0.00000D+00  0.00000D+00  0.00000D+00
  0.00000D+00  0.00000D+00  0.47431D-03  0.00000D+00  0.00000D+00  0.00000D+00
  0.00000D+00  0.00000D+00  0.00000D+00  0.00000D+00  0.00000D+00  0.83023D+00
  0.00000D+00  0.00000D+00  0.00000D+00  0.00000D+00  0.00000D+00  0.00000D+00
  0.00000D+00  0.84255D+00  0.00000D+00  0.00000D+00  0.00000D+00  0.00000D+00
  0.00000D+00  0.00000D+00  0.00000D+00  0.80960D+00  0.00000D+00  0.00000D+00
  0.00000D+00  0.00000D+00  0.00000D+00  0.00000D+00  0.00000D+00  0.74097D+00
  0.00000D+00  0.00000D+00  0.00000D+00  0.00000D+00  0.00000D+00  0.00000D+00
  0.00000D+00  0.84707D+00  0.00000D+00  0.00000D+00  0.00000D+00  0.00000D+00
  0.00000D+00  0.00000D+00  0.00000D+00  0.00000D+00  0.80862D+00  0.00000D+00
  0.00000D+00  0.00000D+00  0.00000D+00  0.00000D+00  0.00000D+00  0.00000D+00
  0.74001D+00  0.00000D+00  0.00000D+00  0.00000D+00  0.00000D+00  0.00000D+00
  0.00000D+00  0.00000D+00  0.80256D+00  0.00000D+00  0.00000D+00  0.00000D+00
  0.00000D+00  0.00000D+00  0.00000D+00  0.00000D+00  0.88537D+00  0.00000D+00
  0.00000D+00  0.00000D+00  0.00000D+00  0.00000D+00  0.00000D+00  0.00000D+00
  0.00000D+00  0.89082D+00  0.00000D+00  0.00000D+00  0.00000D+00  0.00000D+00
  0.00000D+00  0.00000D+00  0.00000D+00  0.86849D+00  0.00000D+00  0.00000D+00
  0.00000D+00  0.00000D+00  0.00000D+00  0.00000D+00  0.00000D+00  0.82613D+00
  0.10000D+01  0.10062D-01  0.10000D+01 -0.21951D-01  0.28832D+00  0.10000D+01
 -0.12940D-01  0.22846D-01  0.46669D-01  0.10000D+01  0.20667D+02  0.13370D+03
  0.21598D+03 -0.59971D+02  0.10000D+01  0.58209D-01 -0.14737D+00 -0.52221D-01
 -0.37256D-01  0.47972D+03  0.10000D+01  0.16319D+00  0.40491D+00  0.36282D+00
  0.18636D-01 -0.27556D+03 -0.44557D+00  0.10000D+01  0.12670D+00  0.18315D+00
  0.10147D+00  0.25249D-01  0.10000D+01 -0.49305D+00  0.26978D+00  0.10000D+01
  0.40975D+00  0.00000D+00  0.24583D-01  0.00000D+00  0.00000D+00  0.17416D+00
  0.00000D+00  0.00000D+00  0.00000D+00  0.52078D+00  0.00000D+00  0.00000D+00
  0.00000D+00  0.00000D+00  0.26251D+00  0.00000D+00  0.00000D+00  0.00000D+00
  0.00000D+00  0.00000D+00  0.35904D+00  0.00000D+00  0.00000D+00  0.00000D+00
  0.00000D+00  0.00000D+00  0.00000D+00  0.31191D+00  0.00000D+00  0.00000D+00
  0.00000D+00  0.00000D+00  0.00000D+00  0.00000D+00  0.00000D+00  0.74221D+00
  0.00000D+00  0.00000D+00  0.00000D+00  0.00000D+00  0.00000D+00  0.00000D+00
  0.00000D+00  0.00000D+00 -0.90992D+01  0.00000D+00  0.00000D+00  0.00000D+00
  0.00000D+00  0.00000D+00  0.00000D+00  0.00000D+00  0.00000D+00  0.00000D+00
  0.96778D+00  0.00000D+00  0.00000D+00  0.00000D+00  0.00000D+00  0.00000D+00
  0.00000D+00  0.00000D+00  0.00000D+00  0.00000D+00  0.00000D+00  0.99999D+00
  0.00000D+00  0.00000D+00  0.00000D+00  0.00000D+00  0.00000D+00  0.00000D+00
  0.00000D+00  0.00000D+00  0.00000D+00  0.00000D+00  0.00000D+00  0.99997D+00
  0.00000D+00  0.00000D+00  0.00000D+00  0.00000D+00  0.00000D+00  0.00000D+00
  0.00000D+00  0.00000D+00  0.00000D+00  0.00000D+00  0.00000D+00  0.00000D+00
  0.25972D+00  0.00000D+00  0.00000D+00  0.00000D+00  0.00000D+00  0.00000D+00
  0.00000D+00  0.00000D+00  0.00000D+00  0.00000D+00  0.00000D+00  0.00000D+00
  0.00000D+00  0.00000D+00  0.23771D+00  0.00000D+00  0.00000D+00  0.00000D+00
  0.00000D+00  0.00000D+00  0.00000D+00  0.00000D+00  0.00000D+00  0.00000D+00
  0.00000D+00  0.00000D+00  0.00000D+00  0.00000D+00  0.00000D+00  0.29608D+00
  0.00000D+00  0.00000D+00  0.00000D+00  0.00000D+00  0.00000D+00  0.00000D+00
  0.00000D+00  0.00000D+00  0.00000D+00  0.00000D+00  0.00000D+00  0.00000D+00
  0.00000D+00  0.00000D+00  0.00000D+00  0.41036D+00  0.00000D+00  0.00000D+00
  0.00000D+00  0.00000D+00  0.00000D+00  0.00000D+00  0.00000D+00  0.00000D+00
  0.00000D+00  0.00000D+00  0.00000D+00  0.00000D+00  0.00000D+00  0.00000D+00
  0.00000D+00  0.00000D+00  0.22935D+00  0.00000D+00  0.00000D+00  0.00000D+00
  0.00000D+00  0.00000D+00  0.00000D+00  0.00000D+00  0.00000D+00  0.00000D+00
  0.00000D+00  0.00000D+00  0.00000D+00  0.00000D+00  0.00000D+00  0.00000D+00
  0.00000D+00  0.00000D+00  0.33056D+00  0.00000D+00  0.00000D+00  0.00000D+00
  0.00000D+00  0.00000D+00  0.00000D+00  0.00000D+00  0.00000D+00  0.00000D+00
  0.00000D+00  0.00000D+00  0.00000D+00  0.00000D+00  0.00000D+00  0.00000D+00
  0.00000D+00  0.00000D+00  0.00000D+00  0.43937D+00  0.00000D+00  0.00000D+00
  0.00000D+00  0.00000D+00  0.00000D+00  0.00000D+00  0.00000D+00  0.00000D+00
  0.00000D+00  0.00000D+00  0.00000D+00  0.00000D+00  0.00000D+00  0.00000D+00
  0.00000D+00  0.00000D+00  0.00000D+00  0.00000D+00  0.00000D+00  0.34056D+00
  0.00000D+00  0.00000D+00  0.00000D+00  0.00000D+00  0.00000D+00  0.00000D+00
  0.00000D+00  0.00000D+00  0.00000D+00  0.00000D+00  0.00000D+00  0.00000D+00
  0.00000D+00  0.00000D+00  0.00000D+00  0.00000D+00  0.00000D+00  0.00000D+00
  0.00000D+00  0.00000D+00  0.19742D+00  0.00000D+00  0.00000D+00  0.00000D+00
  0.00000D+00  0.00000D+00  0.00000D+00  0.00000D+00  0.00000D+00  0.00000D+00
  0.00000D+00  0.00000D+00  0.00000D+00  0.00000D+00  0.00000D+00  0.00000D+00
  0.00000D+00  0.00000D+00  0.00000D+00  0.00000D+00  0.00000D+00  0.00000D+00
  0.20641D+00  0.00000D+00  0.00000D+00  0.00000D+00  0.00000D+00  0.00000D+00
  0.00000D+00  0.00000D+00  0.00000D+00  0.00000D+00  0.00000D+00  0.00000D+00
  0.00000D+00  0.00000D+00  0.00000D+00  0.00000D+00  0.00000D+00  0.00000D+00
  0.00000D+00  0.00000D+00  0.00000D+00  0.00000D+00  0.00000D+00  0.24564D+00
  0.00000D+00  0.00000D+00  0.00000D+00  0.00000D+00  0.00000D+00  0.00000D+00
  0.00000D+00  0.00000D+00  0.00000D+00  0.00000D+00  0.00000D+00  0.00000D+00
  0.00000D+00  0.00000D+00  0.00000D+00  0.00000D+00  0.00000D+00  0.00000D+00
  0.00000D+00  0.00000D+00  0.00000D+00  0.00000D+00  0.00000D+00  0.31742D+00
