##0=ekd 1=woj 2=s2 3=d2 4=s3 5=d3 6=s4 7=d4 8=s5 9=d5 10=s6 11=d6 12=s7 13=d7 14=s8 15=d8 
##16=s9 17=d9 18=s10 19=d10 20=s11 21=d11 22=s12 23=d12 24=s13 25=d13 26=s14 27=d14 28=p23 
##29=p24 30=lkomp 31=p25b 32=p26 33=p27 34=p3 35=ocenaoss 36=p5 37=p6 38=p7 39=p8 40=s1 41=d1
G sl 5 3 5 4 3 3 4 2 4 2 3 2 4 4 3 3 2 2 4 2 4 2 4 5 5 4 3 1 75 70 5 100 1 4 1 4 1 2 2 1 
D pl 1 3 5 3 3 4 3 3 3 4 3 3 2 2 4 4 3 4 4 3 4 2 5 4 2 2 2 0 20 19 1 150 1 3 4 4 4 1 1 4 
L ld 5 4 4 4 4 4 3 3 4 4 2 4 3 5 5 5 3 3 4 2 3 2 5 5 3 3 2 0 30 30 1 35 1 4 1 2 1 1 5 4 
D op 5 5 5 3 4 4 4 3 4 4 3 3 3 3 4 4 3 3 4 2 3 3 4 4 3 3 3 0 30 27 1 200 1 2 1 4 3 2 2 2 
D kp 4 5 5 4 3 3 3 3 4 4 3 4 3 4 4 4 3 3 1 3 1 3 2 2 2 2 3 1 65 60 2 220 1 4 4 1 4 1 4 4 
E ld 4 3 4 5 2 2 4 3 4 4 2 2 2 2 2 4 3 3 4 4 4 2 4 4 5 5 4 0 20 20 1 80 1 5 3 4 3 4 4 3 
J po 5 5 5 4 4 4 4 4 5 5 2 2 1 2 4 4 2 2 4 2 4 1 5 5 3 3 3 1 160 150 3 120 1 2 2 4 2 2 3 3 
L mz 4 2 5 3 1 1 3 3 4 3 3 5 3 5 3 5 4 3 4 4 5 3 5 5 5 4 3 0 45 45 1 70 1 3 3 1 4 2 1 1 
F po 5 4 5 4 5 5 4 4 5 5 2 4 2 4 4 4 3 3 4 4 4 4 4 4 3 3 3 0 5 5 1 80 1 4 4 4 4 1 4 4 
G ld 5 5 5 4 5 5 5 5 4 4 2 2 4 2 2 4 2 3 3 5 4 5 3 3 2 2 3 0 3 40 1 70 1 4 3 3 3 1 5 5 
F ld 4 3 4 4 4 3 4 2 4 3 4 4 2 4 3 4 2 3 4 3 4 5 5 5 3 3 2 1 50 45 1 250 1 3 3 3 1 2 3 3 
L mz 4 5 5 5 5 5 4 4 5 5 1 1 3 3 5 3 2 2 5 4 4 5 3 3 4 4 2 0 70 60 3 80 1 5 1 1 1 1 5 4 
D sl 2 2 2 2 2 2 3 3 2 2 3 3 3 4 2 4 3 3 4 4 4 5 3 3 4 4 2 1 40 35 1 150 1 2 3 3 3 4 4 4 
D pk 5 4 5 4 2 4 3 2 4 4 2 2 2 2 4 4 2 2 2 3 2 3 4 4 2 2 3 0 50 40 2 300 0 1 1 1 1 1 4 4 
I kp 5 3 5 5 4 4 4 2 4 4 2 2 2 2 2 2 2 2 2 4 3 5 2 2 2 2 2 0 40 30 2 300 1 4 1 1 2 2 2 2 
F mp 5 3 4 3 4 4 3 3 3 3 4 4 4 4 4 4 3 2 4 2 4 2 4 5 4 4 1 0 11 10 1 80 0 1 1 1 1 1 2 5 
L mz 5 5 5 3 3 3 3 3 3 3 4 3 5 5 4 4 3 3 3 3 4 4 4 4 3 3 2 0 100 96 3 170 1 5 1 1 2 4 4 4 
D ld 5 5 2 4 2 3 3 3 4 4 3 2 3 4 2 3 3 3 4 3 4 4 2 4 4 4 2 1 80 75 3 750 0 1 1 1 1 1 1 2 
D wp 2 5 5 4 5 5 4 3 4 4 2 4 2 4 4 4 4 4 4 4 3 4 3 3 4 4 3 0 50 40 2 250 1 4 1 2 2 2 5 4 
M wp 4 5 5 4 4 5 5 4 5 5 2 2 1 1 5 5 3 3 4 4 4 5 5 5 1 1 3 1 100 100 5 40 1 5 1 1 1 2 3 3 
D lb 4 2 4 2 3 3 2 2 3 3 3 4 3 4 4 5 4 4 4 3 4 3 4 4 4 4 2 0 8 7 2 60 0 1 1 1 1 1 3 1 
G sl 5 3 4 2 3 3 1 2 3 4 4 3 3 3 4 5 3 3 4 3 4 4 3 5 4 4 2 1 130 120 3 250 1 2 3 2 3 2 3 3 
L ds 4 3 3 4 2 4 4 4 4 4 2 2 5 2 5 5 2 2 4 3 4 3 5 5 2 2 3 0 70 50 1 70 1 3 1 1 1 1 5 4 
D ls 5 3 5 5 4 4 4 3 4 4 3 4 3 4 5 5 3 3 2 4 3 4 3 3 4 4 2 1 60 55 5 432 1 5 2 1 1 2 1 1 
D ds 3 4 4 4 2 3 3 3 2 3 4 4 3 4 2 5 2 2 5 2 5 4 3 2 4 4 2 0 40 35 2 160 1 4 1 2 3 2 4 3 
F sw 1 4 1 5 4 5 3 4 5 5 3 4 3 5 5 4 3 3 3 2 4 1 5 5 5 5 2 0 75 70 2 100 1 4 1 1 3 1 5 4 
L sp 5 4 5 4 3 3 2 2 4 4 2 5 2 5 5 5 4 4 4 4 4 4 4 4 5 5 2 0 48 47 1 55 0 1 1 1 1 1 5 5 
L po 4 3 4 3 3 3 3 3 3 3 3 4 2 4 4 4 3 3 4 4 4 3 3 3 4 3 2 0 100 10 3 109 1 3 3 3 3 3 4 3 
F sl 4 5 5 4 2 2 4 2 4 2 3 2 2 4 2 4 2 2 2 2 4 4 4 4 4 4 4 1 50 47 1 150 1 4 1 1 1 1 2 2 
L wp 5 5 4 5 4 4 5 5 4 4 3 1 2 3 5 5 2 2 2 4 3 5 5 5 5 5 3 1 7 200 1 500 1 5 2 2 1 1 5 4 
M po 5 4 5 5 4 4 4 4 3 3 3 2 3 2 2 2 3 3 3 3 3 3 4 4 4 4 3 1 5000 4500 35 3000 1 4 1 1 1 1 5 4 
D lb 4 3 4 4 2 3 4 4 4 3 3 2 3 2 4 4 2 2 2 4 4 4 2 2 2 2 3 1 25 18 1 70 1 4 1 1 1 2 5 4 
N mz 4 3 4 1 1 1 1 1 3 3 4 4 4 5 4 5 4 4 5 2 5 2 3 3 4 2 1 0 200 200 8 200 0 1 1 1 1 1 2 2 
L ls 4 4 4 4 4 4 3 3 3 3 3 4 3 4 4 4 4 4 4 4 4 5 4 4 4 4 3 0 75 72 2 70 1 3 2 4 1 2 2 2 
C sl 5 2 1 5 5 4 4 4 4 4 2 4 4 4 2 4 2 2 4 4 3 3 4 2 4 4 2 1 40 36 2 120 1 5 1 4 4 2 5 1 
J mz 1 2 2 1 1 2 1 1 1 1 1 1 3 1 2 2 1 2 5 5 3 3 5 5 1 5 2 0 80 75 1 115 1 5 4 4 4 2 1 2 
G mz 1 5 1 4 5 5 5 5 4 4 2 4 4 3 2 4 2 4 4 2 4 2 2 4 4 4 2 0 30 24 4 80 1 5 4 1 2 2 5 4 
D kp 5 3 5 3 5 5 3 3 3 3 3 5 3 5 5 5 3 3 5 3 5 4 4 4 5 5 2 0 30 30 1 200 0 1 1 1 1 1 4 4 
I sl 5 3 3 4 5 5 5 5 5 5 1 1 1 4 5 5 2 2 3 5 3 4 3 3 5 5 4 0 45 42 2 55 1 5 1 4 1 2 2 2 
L sp 3 3 5 3 1 1 3 3 4 4 2 3 2 3 5 5 3 3 3 3 4 4 3 3 3 3 2 0 35 34 2 20 1 3 2 2 2 2 5 5 
G ds 5 4 5 3 5 3 5 3 5 3 4 4 5 4 5 5 1 1 4 5 3 4 5 5 1 1 3 1 70 60 3 60 1 3 1 1 1 2 5 5 
D sl 4 4 5 4 2 2 2 2 3 3 2 4 2 4 5 5 3 3 4 3 4 4 4 4 2 2 3 1 4 30 3 50 1 4 1 3 3 1 4 2 
D mz 5 4 5 4 3 3 1 3 2 2 2 4 2 4 2 5 2 2 4 3 5 4 2 2 4 2 2 0 250 200 3 200 0 1 1 1 1 1 4 2 
E ld 5 2 5 2 4 4 3 3 3 5 3 2 2 2 4 4 3 2 4 3 4 4 4 5 3 3 1 0 60 57 1 120 1 3 1 1 1 1 3 3 
D ds 5 4 5 4 3 3 3 2 4 4 2 4 2 4 3 3 2 2 4 5 4 2 5 4 5 5 2 1 20 250 3 800 0 1 1 1 1 1 4 4 
K ds 4 4 4 4 2 2 1 1 2 2 4 4 4 4 4 4 4 4 4 4 4 4 5 5 4 4 1 1 100 400 4 2500 0 1 1 1 1 1 2 2 
I sl 5 3 5 4 4 4 3 3 4 4 3 4 3 4 2 4 2 2 5 3 5 4 5 5 5 5 3 0 150 140 4 1500 1 5 1 1 1 2 5 5 
D mz 3 2 3 2 1 1 2 2 2 2 3 2 2 2 4 4 2 2 4 4 4 3 4 4 4 4 2 1 70 50 2 200 1 2 2 2 2 4 1 1 
J wp 3 3 4 4 4 3 5 4 5 4 2 1 4 4 1 4 2 3 3 2 3 4 5 4 4 3 4 1 70 30 1 110 1 4 1 1 1 2 5 2 
K mz 3 4 4 3 4 3 5 3 5 3 3 3 2 3 4 4 2 3 4 5 4 4 5 4 3 3 4 1 100 100 3 120 1 4 1 2 2 2 3 3 
N mz 5 5 5 5 5 5 5 5 5 5 3 4 3 4 3 3 3 3 4 4 4 5 4 4 3 3 4 0 50 46 1 90 1 4 4 4 4 1 5 5 
D sl 5 4 5 3 3 3 1 2 3 3 4 3 3 3 4 4 4 3 5 3 5 3 2 3 3 3 2 1 350 220 15 1500 0 1 1 1 1 1 2 3 
L wm 5 5 4 5 3 3 5 4 4 4 3 4 2 4 2 5 3 3 3 3 4 2 1 1 4 4 2 0 36 33 1 40 1 4 2 1 1 1 3 3 
L kp 4 2 3 3 4 4 3 3 3 2 3 4 4 5 3 3 4 4 4 4 5 5 5 5 2 2 2 0 140 136 3 187 1 4 1 4 1 2 2 1 
L mp 3 3 3 3 4 4 4 3 3 3 2 3 2 4 3 5 2 2 5 3 3 3 4 4 4 4 3 0 55 55 2 130 1 4 1 2 4 1 4 4 
E kp 5 3 5 4 4 4 5 2 5 3 2 2 2 5 3 5 2 3 3 4 5 3 3 3 3 3 1 0 16 16 1 100 1 3 1 4 4 2 2 1 
J sw 4 4 4 4 3 4 4 3 4 5 3 2 1 3 3 4 4 4 4 3 4 4 2 4 4 3 3 0 150 140 2 130 1 3 1 3 3 1 3 2 
E wm 5 5 4 3 5 5 5 5 5 5 3 1 1 3 3 5 3 3 2 4 2 3 1 1 1 1 2 1 60 60 2 300 1 5 1 1 2 1 4 4 
F ld 2 2 4 2 2 2 2 2 2 2 4 4 4 4 1 1 3 2 4 2 4 2 4 2 2 2 2 0 50 47 2 300 1 3 4 4 4 2 2 3 
M wm 4 3 4 5 5 5 4 4 4 4 4 3 4 3 2 2 2 2 4 4 4 4 4 4 4 4 3 0 10 1000 50 2000 1 4 3 3 2 2 5 5 
F po 4 2 5 2 3 3 4 2 3 3 4 3 3 4 3 5 3 3 3 3 4 4 3 4 3 3 3 0 30 30 1 85 1 3 1 2 2 2 4 3 
F po 4 2 5 3 4 4 2 2 3 3 1 3 1 3 3 4 2 2 3 4 4 4 4 4 3 3 3 0 42 42 1 250 1 3 4 4 1 1 4 1 
D pk 4 2 2 4 5 4 5 3 5 3 1 1 3 3 1 3 1 4 2 4 4 3 1 4 4 4 2 1 60 55 2 200 1 4 1 2 3 2 3 2 
L wm 5 4 5 4 4 4 5 5 4 4 2 4 2 4 4 4 2 2 3 4 3 4 4 4 4 4 1 0 80 75 2 80 1 4 3 3 3 3 4 4 
G sl 4 4 3 4 4 4 5 5 4 4 2 3 3 2 4 5 3 3 4 4 5 5 4 4 4 5 3 0 1 5 1 200 1 4 3 1 4 1 5 3 
D wm 4 4 5 3 3 3 2 2 3 3 2 4 2 4 4 4 4 4 4 4 4 4 4 4 4 4 2 0 25 25 1 240 1 4 4 1 4 2 1 1 
L sl 5 3 5 4 4 4 3 3 3 3 3 3 3 3 5 5 4 4 4 3 5 2 4 4 4 3 2 1 200 190 4 250 1 4 1 1 1 4 2 1 
D wp 5 5 5 5 5 5 5 4 5 5 1 1 1 2 2 4 4 4 4 4 3 3 1 1 5 3 3 0 55 54 1 550 1 4 4 4 4 2 5 4 
G pk 4 2 4 2 3 3 5 4 3 3 4 4 3 3 3 3 2 2 3 4 4 4 3 4 4 4 2 0 60 6 3 200 1 5 1 1 1 1 4 3 
D wm 2 4 3 3 4 4 3 3 4 3 3 4 3 4 2 3 2 3 3 3 3 3 4 4 4 3 3 0 24 24 2 140 1 4 1 3 3 1 3 2 
D lb 1 4 1 2 2 2 3 3 2 3 3 4 3 3 4 4 4 3 3 2 3 3 1 2 1 1 1 0 90 80 1 250 0 1 1 1 1 1 3 1 
D wp 4 3 4 3 3 3 4 4 4 4 3 4 3 4 4 4 3 3 4 3 4 4 3 3 3 3 2 0 110 105 2 550 1 3 3 2 4 2 3 3 
F mp 4 4 3 4 4 4 3 4 4 4 3 4 3 4 4 4 3 3 4 4 4 4 4 4 4 4 2 0 30 28 1 1 1 3 2 4 4 2 2 2 
D sl 4 3 4 3 3 3 4 3 4 4 2 2 4 3 3 5 3 3 4 3 4 4 3 4 4 4 3 1 25 23 1 70 1 2 4 3 3 2 1 1 
K po 2 4 2 3 2 3 3 3 3 3 4 3 2 3 4 4 4 4 4 3 5 3 4 4 3 3 3 1 2 5 4 4 0 1 1 1 1 1 3 3 
D sl 2 4 1 4 4 4 3 3 4 4 4 2 2 2 2 4 4 2 5 3 5 3 2 3 4 4 2 0 40 39 1 645 0 1 1 1 1 1 2 3 
J wp 1 4 1 4 3 2 2 3 4 4 3 4 2 4 4 4 3 3 4 2 4 2 5 4 4 3 3 1 60 55 1 135 1 3 1 1 1 2 3 3 
E sl 3 4 3 3 3 3 4 4 3 3 3 4 3 4 5 5 3 3 3 4 3 3 4 4 3 3 2 0 35 35 1 230 1 3 1 4 4 1 5 3 
K sl 3 3 3 3 4 4 3 3 4 4 3 4 3 4 3 5 4 4 4 3 4 3 3 3 4 4 2 0 25 25 2 80 1 4 1 2 1 2 4 4 
C sl 4 5 5 5 5 5 2 3 2 2 4 3 2 3 2 4 4 4 4 5 4 5 4 3 4 4 3 0 250 200 6 3000 1 4 1 2 4 1 5 4 
D ld 4 3 4 4 2 2 4 4 4 4 2 2 4 4 4 4 2 2 2 3 4 3 4 4 2 2 2 0 5 60 2 200 1 5 1 1 2 1 5 4 
L ls 5 5 5 5 3 3 4 2 4 3 3 2 4 5 4 5 4 4 4 2 4 5 3 4 4 3 3 0 65 63 1 63 1 3 2 1 3 1 3 3 
D po 4 2 5 2 3 4 4 4 4 3 2 2 2 4 4 4 2 2 4 3 4 3 4 4 4 4 2 1 50 50 2 400 1 3 4 1 4 1 2 2 
L pk 4 4 4 4 5 4 4 4 4 4 3 5 3 5 2 2 3 4 2 2 2 2 1 1 5 4 2 0 8 70 2 90 1 5 1 1 1 2 2 2 
D op 5 5 5 5 2 2 4 2 4 3 2 2 4 4 2 4 2 4 4 4 4 4 4 4 4 4 4 1 105 100 2 700 1 4 1 1 1 2 3 1 
D mz 1 2 2 2 4 4 5 3 4 3 2 2 4 4 2 5 3 3 4 2 3 3 4 4 4 4 1 0 99 99 99 99 1 4 1 4 3 4 4 1 
D ds 1 2 4 2 1 3 1 1 1 1 5 5 5 5 5 5 5 5 4 4 5 4 3 3 3 3 2 0 65 7 1 285 0 1 1 1 1 1 4 3 
D sl 5 4 4 4 4 4 4 4 4 4 4 2 2 2 2 4 4 4 4 3 3 3 4 2 4 2 2 0 40 37 1 +99 1 4 3 3 3 2 5 2 
D sp 4 4 5 4 5 5 5 5 5 5 1 2 1 2 4 4 2 2 3 3 3 3 1 1 3 3 3 0 55 50 2 200 1 5 1 1 1 1 5 4 
N wp 4 3 5 5 5 3 5 5 5 4 3 2 3 5 5 5 1 1 2 5 4 5 5 5 3 3 2 0 20 19 1 0 1 3 1 3 4 2 5 5 
J sl 4 3 5 2 2 1 2 2 4 4 5 4 4 5 3 3 3 4 4 3 3 4 2 2 3 3 3 1 200 200 4 200 1 2 2 2 2 4 1 1 
I sl 4 5 4 5 5 5 3 3 4 4 2 2 2 4 2 4 3 2 2 2 5 3 3 4 3 3 4 0 10 10 1 50 1 4 1 4 4 1 3 3 
D pk 5 2 5 2 1 1 1 1 5 5 3 2 3 2 2 2 2 2 4 1 2 1 5 5 5 5 4 0 70 65 2 150 1 5 1 4 1 1 5 4 
K po 3 5 5 5 3 5 5 5 5 5 1 2 1 4 3 4 2 2 3 4 3 5 5 5 5 4 4 1 10 150 7 120 1 5 1 1 1 1 1 1 
E ls 5 2 5 3 5 5 3 2 4 4 2 4 2 2 4 4 3 3 3 3 4 4 2 2 4 4 2 0 32 31 1 104 1 4 4 1 4 1 5 1 
D sl 4 4 5 3 3 3 2 2 4 4 3 4 3 4 4 4 4 4 4 4 4 4 4 4 4 4 2 0 160 155 2 350 1 3 2 2 2 2 3 1 
G sl 4 4 4 4 4 2 2 2 4 4 2 2 5 2 2 5 4 4 5 2 5 4 2 4 4 3 3 0 120 110 2 300 0 1 1 1 1 1 1 1 
K mz 5 4 5 5 4 5 5 5 5 5 2 2 1 1 2 2 3 2 4 5 5 5 5 4 4 4 2 1 61 60 4 70 1 4 1 3 3 1 4 5 
L sw 5 3 5 3 5 5 3 3 4 4 2 3 2 4 4 4 4 4 4 4 4 5 5 5 5 5 4 0 60 50 2 80 1 4 1 1 4 1 5 4 
G ld 4 2 4 2 2 2 2 2 2 2 4 4 4 4 4 4 3 3 4 2 4 2 4 4 3 3 2 1 50 50 2 60 0 1 1 1 1 1 2 2 
D ds 2 1 4 1 1 1 2 2 2 2 3 4 3 4 5 5 5 5 5 4 5 5 2 2 2 2 3 1 120 100 1 250 0 1 1 1 1 1 1 1 
M wp 2 4 3 5 5 3 5 5 5 3 2 5 4 5 1 5 1 1 2 1 4 3 1 4 1 3 2 1 1000 900 20 2000 1 4 1 1 1 2 5 5 
D sp 4 3 5 4 5 5 4 4 5 5 3 3 3 3 4 4 2 2 4 3 3 3 3 3 3 3 1 0 65 60 2 100 1 4 1 3 1 1 3 3 
L sw 5 5 4 4 3 3 3 3 5 5 3 4 3 4 4 4 3 3 4 4 4 4 4 4 3 3 3 0 38 35 1 36 1 4 2 2 4 1 4 4 
M kp 5 3 5 3 2 2 3 2 5 4 2 3 4 3 2 4 2 3 4 2 4 2 1 1 3 3 5 1 2500 2300 42 4000 1 5 1 1 1 1 5 1 
G mz 4 2 5 2 2 3 4 3 4 5 3 2 2 2 2 4 2 4 4 3 4 4 2 2 2 2 2 0 40 30 3 50 1 4 1 1 1 1 3 1 
D sl 5 3 5 4 4 3 4 3 4 4 3 3 3 2 3 2 3 4 4 3 4 4 4 4 4 4 3 0 120 118 2 600 1 5 1 2 1 1 4 2 
D lb 5 5 5 5 4 4 5 4 5 5 3 2 2 2 4 4 1 1 4 5 4 3 3 3 4 4 2 1 47 45 1 80 1 3 1 2 2 4 4 4 
L sl 5 3 5 3 3 2 3 4 3 3 3 3 2 5 1 5 5 5 4 2 4 2 4 4 4 3 1 0 120 110 1 130 1 4 1 1 1 2 2 1 
K sl 2 4 2 4 2 2 1 1 2 2 3 4 3 4 3 3 4 4 4 4 4 4 2 2 2 2 1 1 450 400 12 380 0 1 1 1 1 1 1 1 
L mz 4 4 5 4 4 5 3 3 4 4 5 4 5 4 4 4 3 3 3 4 3 5 4 5 5 5 4 0 60 57 1 60 1 4 1 1 2 1 4 2 
D wm 5 4 5 4 3 3 3 3 3 3 2 2 2 2 4 3 3 3 5 2 3 4 4 4 4 4 3 1 35 33 1 305 1 2 2 2 4 3 4 4 
D lb 5 5 5 5 5 5 4 3 5 4 4 5 4 5 5 5 1 1 4 3 4 2 5 5 5 5 2 0 1 15 1 120 1 3 4 3 3 1 4 4 
N wp 5 4 5 5 4 4 3 3 5 5 2 1 2 2 2 3 1 2 3 3 4 3 3 3 3 3 3 0 60 60 2 500 1 4 1 4 4 1 5 3 
D lb 5 2 5 2 1 3 2 2 2 2 3 3 2 4 4 4 3 3 5 4 5 3 4 4 3 3 3 0 15 14 1 200 1 3 4 4 4 2 2 2 
D sl 5 4 5 4 3 3 4 3 3 3 3 3 3 3 3 5 2 2 4 3 4 4 5 5 4 4 2 0 50 47 2 180 1 4 1 1 1 2 5 4 
D sl 4 2 4 4 3 4 4 4 5 5 3 5 2 5 2 5 2 2 4 4 4 3 5 5 4 4 3 0 150 150 2 250 1 4 1 1 1 2 4 4 
E mp 5 4 5 5 2 2 5 5 4 4 5 2 4 2 5 4 2 2 5 1 4 3 4 4 5 4 2 0 45 42 3 85 1 2 2 4 2 3 4 5 
O sl 3 3 3 4 4 4 5 5 5 5 3 4 3 5 5 5 4 4 2 3 4 4 2 2 4 2 3 0 20 18 4 180 1 4 1 4 4 2 2 1 
L sp 4 1 4 3 3 3 4 4 3 3 3 4 3 4 5 5 3 3 5 3 5 3 5 5 3 3 2 0 270 260 4 255 1 3 1 1 4 2 1 1 
G ld 5 4 5 4 4 4 2 3 4 3 4 5 4 5 5 5 3 4 5 3 5 2 5 4 5 5 2 0 110 48 2 200 0 1 1 1 1 1 3 3 
D mz 5 1 4 2 3 3 4 4 4 4 4 3 4 3 5 5 5 5 4 5 3 3 4 4 4 4 3 0 40 37 1 115 1 3 4 4 4 4 1 1 
D pk 5 2 5 2 3 3 4 4 3 4 2 4 2 2 3 3 4 4 4 4 4 5 4 4 4 4 2 0 25 24 1 800 1 3 4 4 4 1 4 4 
K mp 4 4 4 4 2 2 4 4 4 4 2 2 2 2 2 4 4 2 4 2 4 4 5 5 3 3 3 0 28 28 3 222 1 5 1 1 1 1 1 1 
D pk 2 3 2 4 4 4 4 3 3 3 2 2 2 2 2 2 2 3 3 4 3 5 4 4 2 2 2 0 60 20 1 400 1 4 1 2 1 2 4 4 
D sl 3 2 3 2 4 3 4 3 3 4 2 2 2 3 4 5 2 4 5 3 5 2 4 4 2 2 1 0 160 150 5 1000 1 3 1 2 2 4 1 1 
D pl 5 5 5 4 4 4 2 2 4 4 4 3 3 4 4 5 2 2 4 4 4 4 2 2 4 4 2 0 50 48 1 240 1 2 4 4 4 2 2 2 
D op 5 3 5 3 4 4 3 3 4 4 4 4 4 4 4 2 4 4 4 4 4 4 2 2 4 4 3 1 100 2 2 600 1 3 4 4 2 1 1 1 
D wp 5 4 5 4 4 3 4 3 5 3 3 2 2 4 4 5 4 3 4 5 5 3 5 3 4 4 3 0 100 80 5 180 1 5 1 4 1 2 4 3 
E sl 5 3 5 3 3 3 3 3 4 4 3 4 3 4 3 4 3 3 4 3 4 3 5 5 2 2 3 0 45 40 2 1600 1 3 1 4 1 2 3 1 
L po 3 5 4 4 5 4 5 5 5 3 4 4 2 4 2 4 2 2 3 4 2 3 4 2 3 2 3 0 90 85 2 110 1 5 1 1 1 1 5 4 
F sl 4 3 4 5 4 3 3 2 4 5 1 2 1 1 3 3 3 3 4 5 3 4 2 4 3 2 3 0 30 30 2 300 1 3 1 4 4 1 4 2 
G mz 4 2 4 3 3 3 3 2 3 4 3 3 3 3 3 4 3 2 3 3 4 4 4 4 5 5 2 0 60 56 0 90 1 1 4 4 3 2 2 2 
K mz 5 3 4 2 5 5 4 4 5 5 2 2 4 3 2 5 1 1 4 2 4 2 1 1 2 2 3 1 80 75 1 78 1 5 1 2 2 2 4 2 
K po 3 5 5 4 5 5 3 3 3 3 2 3 2 3 2 4 2 2 4 2 4 2 5 5 4 4 4 1 20 15 15 18 1 4 3 3 3 1 4 4 
K ds 4 4 4 4 5 5 5 4 5 5 1 1 2 4 2 4 2 3 1 1 2 3 3 3 3 3 2 1 5 4 5 5 1 5 1 1 1 1 5 5 
L sw 4 2 4 2 4 4 3 3 3 3 4 4 3 4 4 4 2 2 4 3 4 3 4 4 4 4 3 0 50 47 1 100 1 3 1 1 3 1 4 2 
J sl 5 4 5 4 4 3 5 4 5 4 1 2 1 4 4 4 2 3 2 4 3 4 2 2 3 4 2 1 20 20 1 15 1 4 1 1 1 1 3 3 
L mp 4 2 4 3 3 4 4 5 2 5 4 4 4 5 4 5 5 5 4 2 5 5 5 4 3 3 2 1 828 600 25 800 1 2 2 4 2 2 4 2 
G sw 4 3 5 3 2 2 4 3 2 2 2 2 2 4 3 5 4 4 4 4 4 2 4 4 4 4 2 0 40 38 1 50 0 1 1 1 1 1 5 5 
E wp 5 3 5 3 3 3 4 2 5 5 5 4 4 4 4 2 3 4 4 5 3 5 4 4 4 4 2 1 20 19 1 300 1 4 4 3 3 1 1 1 
D mz 4 3 4 3 2 2 4 4 3 3 3 4 3 4 4 4 3 3 4 3 4 3 4 4 3 3 1 0 14 14 1 100 0 1 1 1 1 1 1 1 
D sp 1 1 1 1 5 5 2 2 4 4 3 2 3 2 5 5 5 5 4 5 5 4 4 4 4 4 3 0 9 50 1 200 0 1 1 1 1 1 1 1 
I mz 4 3 2 3 5 4 4 3 4 3 3 1 2 4 1 5 1 3 4 4 4 5 4 5 4 5 4 1 200 150 15 200 1 5 1 1 1 1 5 4 
J sl 5 3 5 4 4 3 4 5 5 5 5 2 2 4 2 5 2 4 5 5 4 4 5 5 3 2 4 1 200 1170 5 130 1 5 1 1 1 2 5 2 
L mz 4 2 5 2 4 3 2 2 3 3 3 5 3 5 5 5 3 3 4 2 4 4 1 2 3 2 1 0 50 45 1 56 1 3 4 1 4 2 3 3 
D ds 5 4 5 4 3 3 4 5 4 4 3 4 3 4 5 5 5 4 5 3 5 4 3 4 5 5 3 0 12 10 1 64 0 1 1 1 1 1 4 4 
K sp 4 4 5 4 5 5 3 4 5 5 2 2 2 3 4 4 2 2 3 4 3 5 4 4 5 5 5 0 10 10 2 15 1 5 1 1 1 1 5 4 
G mz 5 4 5 2 4 4 1 1 4 4 5 2 3 2 4 5 5 5 4 5 3 4 2 2 2 2 2 0 110 100 1 300 1 2 4 2 4 3 4 5 
N mz 4 2 4 2 1 1 1 2 2 2 3 1 4 4 2 4 5 5 4 2 4 2 2 4 1 1 3 0 70 65 2 600 1 3 2 2 4 2 2 1 
J mp 5 3 5 3 2 2 4 2 3 3 4 4 4 2 4 2 3 3 4 3 4 3 4 4 4 2 3 0 90 85 2 100 1 3 2 2 2 1 1 1 
D mp 3 1 3 1 1 1 1 1 1 1 5 5 5 5 1 3 3 3 5 3 5 5 3 3 2 1 1 0 30 30 0 100 0 1 1 1 1 1 1 1 
N ld 5 3 5 3 4 4 3 3 3 3 3 3 3 3 5 5 3 3 4 4 4 3 3 3 3 3 3 0 5 5 0 70 0 1 1 1 1 1 5 5 
G mz 5 4 5 3 4 4 2 2 4 4 3 3 3 3 3 3 3 3 4 4 4 4 3 3 4 4 2 0 650 630 6 800 1 5 1 4 1 4 3 3 
A kp 4 4 4 4 3 3 3 3 4 4 3 4 3 4 4 4 4 3 3 4 3 4 3 4 4 4 3 0 70 67 2 500 0 1 1 1 1 1 4 4 
D mz 5 4 4 4 4 4 5 3 4 4 2 4 2 4 5 5 3 3 4 3 4 3 4 4 4 4 3 0 100 60 6 800 1 4 1 2 1 2 4 2 
N sl 5 3 5 3 5 5 5 5 4 4 3 4 3 4 4 4 2 2 3 2 3 2 3 3 4 4 1 0 2 50 3 400 1 3 2 2 4 4 5 3 
D po 5 4 3 5 4 3 5 3 4 4 3 2 4 4 2 4 2 2 2 3 4 3 3 4 3 2 3 1 20 18 1 70 1 5 1 3 1 4 4 3 
F ds 3 4 5 4 2 2 3 3 2 2 2 5 2 5 2 4 3 4 4 2 4 2 4 4 2 2 3 0 80 5 2 700 1 1 2 4 4 2 2 2 
J po 2 5 3 5 5 5 5 5 5 5 1 1 1 1 2 3 1 1 2 1 2 1 3 3 3 3 2 0 100 80 1 80 1 2 1 1 1 1 4 5 
J mz 2 4 3 3 3 4 4 3 4 3 2 2 3 2 2 4 3 4 4 3 4 3 4 4 4 4 2 0 60 55 2 100 1 1 1 4 4 2 1 1 
D sp 4 3 4 4 3 3 5 5 3 3 2 3 2 3 3 4 2 2 2 4 4 4 4 4 4 4 1 1 190 183 4 500 1 4 1 1 2 2 4 3 
G mp 4 3 5 4 4 3 4 3 4 4 3 3 2 4 4 4 2 2 4 4 4 4 4 4 5 4 2 1 30 27 3 88 1 3 1 2 2 1 2 2 
A po 1 4 1 5 5 5 3 3 3 3 4 2 4 2 5 5 2 2 5 5 5 5 2 2 3 3 2 0 25 23 1 550 0 1 1 1 1 1 1 1 
F sl 5 4 5 3 4 4 4 2 5 5 2 2 1 2 2 2 2 2 4 3 4 2 1 1 2 2 3 0 15 15 1 250 1 3 4 4 4 1 3 3 
J wm 4 3 4 3 3 3 4 4 4 4 3 4 3 3 3 4 3 4 3 3 4 4 4 4 3 3 3 1 50 46 1 230 1 3 3 2 2 1 4 4 
D sl 2 4 3 4 5 5 4 4 5 4 3 4 2 3 4 5 4 5 3 5 4 3 4 4 4 3 1 1 6 150 2 450 1 4 1 3 1 2 4 2 
G sp 4 2 5 4 2 4 4 4 3 3 4 4 3 4 5 5 3 3 4 4 3 3 5 5 4 4 2 0 16 16 1 150 1 4 4 4 4 3 4 4 
G sl 5 3 5 3 4 4 3 3 4 4 4 3 2 4 3 4 4 4 4 4 4 4 3 4 4 3 2 0 35 30 1 60 1 3 1 4 2 2 4 2 
D mz 4 2 4 2 4 4 2 2 2 2 4 4 3 4 2 4 2 2 4 3 4 4 4 4 4 4 2 0 100 80 2 500 1 2 4 4 4 2 2 3 
D kp 4 4 5 2 1 1 4 4 2 2 4 2 2 5 2 5 5 2 2 4 2 2 5 2 3 2 2 0 30 25 2 90 1 2 3 3 3 2 5 4 
M mz 5 3 4 5 4 2 4 2 4 2 4 2 4 4 1 4 4 4 4 2 4 2 4 4 3 3 4 1 600 550 3 500 1 4 1 1 1 2 4 3 
D sl 5 4 5 3 3 4 3 3 4 4 2 3 2 3 4 4 4 4 4 3 4 3 4 5 4 4 2 0 30 29 1 130 1 3 2 4 4 2 1 2 
L po 4 4 4 3 3 3 3 2 3 3 4 2 3 3 3 5 3 4 3 4 4 4 5 4 4 4 2 0 75 72 1 70 1 2 1 1 2 2 2 2 
D wp 4 3 3 2 2 2 3 3 3 3 4 2 4 3 2 4 3 3 4 3 4 3 1 1 4 3 4 0 30 28 1 200 0 1 1 1 1 1 5 5 
G ds 5 2 3 3 4 4 4 3 5 4 3 4 2 4 4 4 2 3 4 2 4 2 5 5 3 3 2 0 55 50 2 250 1 5 1 3 1 2 4 2 
G lb 5 3 3 4 5 5 5 4 5 4 2 2 1 2 3 4 1 2 5 5 4 4 5 5 3 3 2 0 40 34 1 75 1 1 1 1 1 1 5 4 
D wp 4 2 4 2 5 5 2 2 4 4 2 2 2 2 2 2 4 4 4 2 4 2 4 4 1 1 2 1 55 50 1 500 1 4 1 2 2 2 2 1 
M lb 4 5 3 4 5 4 5 4 5 4 2 3 3 3 2 3 1 2 2 4 3 3 3 3 4 3 3 1 1100 1080 11 1100 1 4 1 1 1 2 5 4 
K mp 5 5 5 5 5 5 4 4 4 4 3 3 3 3 3 3 3 3 3 3 3 3 3 3 3 3 3 0 12 11 2 180 0 1 1 1 1 1 1 1 
G ls 4 2 4 2 4 4 4 3 4 4 3 3 3 4 2 5 2 2 3 5 3 5 4 4 4 4 3 0 70 70 1 350 1 4 1 1 4 1 5 2 
G op 4 4 4 4 4 3 2 2 3 3 3 2 3 2 2 2 4 4 2 3 2 3 2 2 2 2 2 0 1 30 3 80 1 2 2 4 4 2 3 3 
D kp 4 3 4 3 4 3 5 3 5 3 4 4 4 4 2 5 3 4 3 3 4 4 4 4 4 2 2 1 6 40 2 200 0 1 1 1 1 1 4 2 
E sl 5 4 5 4 4 4 5 5 4 4 4 4 4 4 4 4 4 4 4 4 4 3 4 4 4 4 4 0 90 90 2 250 1 5 1 1 1 2 4 4 
K sp 4 4 4 4 1 2 2 4 3 3 3 4 3 4 2 4 4 4 4 3 4 3 5 4 4 4 2 0 700 600 4 1800 1 1 3 4 4 2 4 4 
D mz 5 3 3 3 2 2 2 3 4 4 4 2 2 2 4 2 2 2 4 3 4 5 2 2 3 2 3 1 6 30 2 80 1 4 1 1 1 4 4 3 
D pl 4 2 3 2 3 3 3 3 2 2 3 5 3 5 3 4 3 3 5 3 4 3 4 4 3 3 2 0 24 22 1 110 0 1 1 1 1 1 4 3 
N mp 4 3 5 3 2 2 3 3 3 3 5 3 5 3 4 2 4 3 4 2 4 3 5 5 2 2 2 1 270 265 3 1800 1 3 1 1 1 2 4 1 
D sp 2 2 3 2 2 3 4 3 3 3 3 4 3 4 4 4 3 3 4 4 4 4 3 3 3 3 1 0 20 20 1 200 0 1 1 1 1 1 3 3 
N sp 5 5 5 5 4 2 2 2 4 4 4 5 4 5 3 4 4 4 2 3 3 4 5 4 5 5 1 0 45 41 2 360 0 1 1 1 1 1 1 2 
E mp 1 3 4 3 2 4 4 4 4 4 2 3 4 4 2 4 3 3 3 3 4 4 3 4 4 4 2 0 2000 1400 52 2500 1 3 2 2 1 2 4 1 
K ds 3 4 4 2 5 3 5 3 5 5 1 4 3 2 2 4 2 2 3 2 3 2 4 4 3 2 4 1 70 40 10 40 1 5 1 1 1 1 5 4 
D mp 3 1 2 1 3 3 3 2 2 2 5 3 4 5 3 5 3 4 4 4 4 2 5 5 1 3 1 0 7 100 4 600 1 3 2 4 2 4 3 4 
I sw 5 5 5 5 5 5 4 4 4 4 4 2 4 2 1 1 2 2 4 2 4 2 5 5 4 4 2 0 2 13 0 200 1 4 4 2 4 1 5 5 
D mz 4 3 4 3 3 3 3 3 3 3 3 3 3 3 4 4 4 4 4 4 4 4 3 3 5 5 2 1 720 700 25 2000 1 3 2 2 2 4 2 2 
I pl 4 3 4 3 4 4 4 4 4 4 1 2 1 2 2 3 2 3 3 3 3 3 2 2 3 3 3 0 45 45 2 250 1 4 1 1 4 1 2 2 
N sp 3 4 5 4 4 4 3 3 4 4 4 2 2 2 1 2 2 2 3 2 3 2 3 3 4 3 2 0 40 36 1 230 1 3 1 1 1 2 5 4 
D ls 1 3 1 4 4 3 4 5 4 4 4 2 4 2 1 2 2 2 4 2 3 1 2 2 4 5 2 0 150 135 3 500 1 2 1 2 2 4 2 1 
D wp 3 3 3 3 3 3 2 3 3 3 3 4 3 3 2 3 4 3 4 2 3 3 3 3 3 3 2 1 50 50 2 165 1 3 2 4 4 4 3 3 
M sl 4 4 4 4 4 2 4 3 3 3 2 2 4 4 2 4 2 4 4 4 4 2 4 4 4 4 3 0 500 500 20 500 1 4 1 2 1 1 4 2 
L wm 5 3 5 3 3 3 4 3 4 4 4 4 4 4 4 4 3 3 4 3 4 4 4 4 4 4 2 1 350 330 10 380 1 3 2 2 2 1 3 3 
D pk 3 4 5 5 4 4 5 5 5 3 2 2 3 4 1 4 2 3 3 2 3 4 3 4 3 3 2 0 70 60 1 500 1 4 1 1 1 1 5 2 
D sp 5 1 2 2 2 2 4 4 3 4 4 2 1 4 5 5 4 4 4 4 2 5 2 2 4 3 1 0 50 50 1 160 0 1 1 1 1 1 2 2 
D ds 1 4 1 4 2 2 1 1 1 1 3 5 3 5 5 5 1 1 5 2 5 2 1 1 3 3 1 0 200 10 2 230 0 1 1 1 1 1 1 2 
J mz 5 2 5 3 3 3 4 5 5 5 2 2 2 2 2 5 3 2 3 3 3 4 1 1 4 4 2 1 150 100 5 140 1 4 1 1 1 3 5 2 
E sw 5 2 5 5 5 5 5 4 5 4 2 2 2 2 2 3 2 2 2 4 4 4 5 5 4 4 3 0 30 29 1 120 1 5 1 1 1 1 4 4 
I po 1 5 1 5 5 5 5 5 5 5 1 1 1 1 1 5 1 1 5 5 5 1 1 1 5 5 3 1 600 500 10 500 1 5 1 1 1 1 5 1 
L mz 5 4 5 4 4 4 4 3 4 4 3 2 3 2 3 4 2 2 3 2 4 2 4 3 4 4 2 0 90 83 1 90 1 4 1 1 1 2 4 2 
G mz 4 4 5 4 2 2 3 3 3 5 4 4 3 5 3 5 2 2 4 3 4 3 5 4 5 2 2 1 1000 500 9 2000 1 2 2 4 4 2 1 2 
D sp 4 5 3 5 5 5 5 5 5 5 1 3 1 3 1 1 3 3 4 4 4 4 4 4 5 5 4 0 1 14 1 100 1 5 1 2 4 4 5 5 
K mz 4 5 4 4 5 5 5 4 5 5 3 3 1 3 2 4 3 3 3 4 4 4 5 5 3 3 4 1 450 434 220 500 1 4 1 1 1 1 4 2 
N ld 4 3 4 3 2 2 3 2 4 4 3 4 2 2 4 4 2 2 5 2 4 4 2 2 2 2 1 0 200 190 4 250 0 1 1 1 1 1 5 2 
E sw 3 2 5 4 4 3 4 3 4 3 4 4 3 3 4 3 4 3 4 4 3 3 4 3 5 5 3 1 26 24 0 90 1 4 1 1 4 4 4 4
G mz 5 3 5 3 4 5 3 3 4 4 4 5 4 5 4 4 4 4 5 5 4 3 5 5 4 4 3 1 500 480 14 900 1 3 3 3 1 2 1 1
D ld 4 5 5 5 5 5 4 4 4 4 2 3 2 3 4 4 1 1 4 4 4 4 3 3 2 2 3 0 20 20 0 40 0 1 1 1 1 1 4 4
L pk 5 5 3 5 5 4 5 2 5 2 2 2 2 4 2 2 2 2 2 2 2 2 4 4 4 4 3 0 100 50 3 100 1 4 2 2 2 2 4 2
